10035
10157
10182
10199
10277
10455
10745
10927
10977
11070
11119
11323
11418
11644
11688
11923
12020
12038
12275
12372
12421
12505
12733
12745
12765
12791
12926
12962
13052
13598
13638
13674
13789
13983
14029
14118
14393
14394
14454
14475
14617
14726
14769
14783
14870
14897
14907
14981
15233
15310
15340
15530
15788
15820
15973
16045
16350
16366
16433
16445
16493
16588
16648
16709
16740
16766
16797
16884
16933
17018
17156
17168
17211
17296
17329
17576
17585
17629
17768
17858
17980
18030
18302
18314
18449
18514
18522
18570
18656
18802
18806
18908
18948
19028
19074
19125
19440
19546
19569
19794
19850
19976
20016
20053
20185
20389
20440
20457
20780
20838
21158
21169
21422
21544
21864
21894
21990
22054
22133
22195
22206
22233
22253
22284
22432
22454
22504
22651
22665
22741
22743
22849
22980
23166
23262
23347
23537
23559
23617
23747
23817
23830
23853
23867
23895
23901
24045
24096
24130
24233
24277
24326
24345
24565
24599
24686
24700
24813
24880
24897
24976
25058
25104
25231
25255
25416
25518
25529
25569
25578
25755
25887
26032
26128
26151
26155
26338
26342
26352
26420
26442
26521
26630
26704
27110
27116
27151
27162
27300
27423
27539
27567
27712
28046
28070
28090
28242
28374
28527
28626
28634
28664
28725
28750
28752
28850
28873
28895
29180
29278
29289
29338
29429
29577
29713
29922
29972
30088
30105
30183
30203
30425
30656
30669
30825
30851
31065
31258
31274
31308
31582
31602
31642
31808
31910
31946
31995
32140
32145
32238
32282
32296
32302
32305
32562
32628
32693
32730
32829
32872
32876
32984
33033
33062
33070
33168
33263
33675
33687
33740
33841
33961
34074
34167
34368
34475
34548
34580
34583
34613
34668
34685
34774
34897
35019
35153
35184
35192
35509
35520
35563
35868
35903
36038
36161
36207
36237
36311
36328
36353
36560
36599
36628
36641
36822
36906
36918
36962
36963
37032
37065
37085
37168
37184
37215
37256
37265
37289
37444
37792
37908
37929
38077
38310
38749
38816
38901
39064
39222
39262
39267
39269
39344
39376
39404
39433
39569
39649
39793
39875
40005
40017
40041
40271
40453
40511
40561
40620
40642
40817
40958
41010
41083
41095
41209
41230
41260
41322
41470
41542
41563
41620
41733
41846
41848
41963
42043
42162
42288
42302
42426
42462
42466
42568
42616
42810
42922
42967
42998
43026
43064
43067
43173
43278
43348
43479
43518
43557
43601
43736
43756
43800
43828
44080
44093
44179
44495
44529
44559
44613
44692
44788
44812
44954
44955
44974
45186
45304
45346
45439
45573
45595
45773
45832
45987
46008
46011
46148
46178
46200
46218
46278
46294
46361
46436
46501
46579
46677
46783
46925
46937
46974
46987
47016
47026
47043
47309
47443
47653
47719
47754
47779
47882
47973
48148
48195
48250
48519
48657
48884
48949
48964
49062
49107
49155
49175
49247
49424
49473
49486
49489
49504
49512
49534
49546
49641
49710
49712
49762
49914
50048
50136
50141
50205
50217
50332
50367
50436
50452
50512
50520
50656
50674
50682
50688
50692
50713
50774
50948
50980
51026
51050
51132
51236
51425
51569
51608
51616
51692
51728
51780
52001
52344
52358
52396
52443
52493
52605
52708
52750
52770
52782
52930
52993
53030
53044
53145
53210
53324
53349
53388
53514
53671
53735
53828
53848
53937
54296
54474
54609
54719
54724
54925
55038
55068
55149
55176
55227
55426
55564
55623
55650
55723
55847
55863
55932
55988
56009
56231
56373
56642
56722
56773
56890
56971
56993
57169
57298
57579
57630
57642
57652
57671
57890
57894
58041
58072
58096
58399
58695
58770
58887
58920
59137
59228
59354
59490
59824
60008
60161
60226
60391
60650
60708
60768
60796
60842
60923
60947
61064
61101
61156
61169
61175
61221
61436
61544
61588
61650
61776
61837
61842
61920
61967
62012
62082
62091
62181
62271
62281
62309
62342
62355
62372
62426
62522
62591
62752
62825
62981
63026
63029
63175
63235
63251
63375
63666
63747
63899
63926
63942
64047
64048
64175
64221
64732
64883
64899
64914
65037
65082
65083
65322
65356
65395
65541
65619
65993
66108
66305
66339
66402
66452
66552
66558
66618
66622
66663
66667
66924
67074
67121
67152
67240
67254
67285
67302
67367
67370
67413
67432
67613
67643
67695
67799
67969
67972
68189
68253
68265
68284
68315
68369
68372
68519
68768
68828
68830
68843
68955
68976
69085
69194
69240
69281
69479
69942
69968
69995
70047
70074
70204
70360
70419
70496
70592
70600
70656
70708
70753
70928
71075
71169
71244
71303
71475
71678
71836
71867
72054
72130
72249
72336
72577
72647
72691
72917
72947
73036
73127
73434
73444
73558
73601
73608
73916
73919
73956
73964
74055
74153
74246
74377
74692
74788
74831
74870
74898
74923
74924
74953
74962
75009
75094
75184
75378
75404
75472
75531
75684
75794
75858
75875
75911
75997
76036
76047
76126
76171
76173
76255
76258
76319
76373
76433
76460
76489
76971
77221
77501
77868
77873
77902
78018
78021
78061
78101
78206
78239
78247
78276
78294
78315
78389
78439
78580
78656
78666
78856
79176
79243
79313
79322
79415
79688
79982
80006
80153
80155
80189
80208
80209
80224
80298
80479
80545
80675
80735
80898
80907
80976
81119
81123
81196
81215
81275
81350
81443
81598
81625
81836
81846
81871
81994
82222
82288
82450
82578
82592
82605
82730
82977
83009
83161
83211
83258
83264
83357
83437
83519
83586
83588
83812
83891
83922
83942
83958
84065
84178
84214
84222
84223
84713
85035
85637
85721
85926
85932
85938
86088
86176
86205
86267
86348
86435
86995
87254
87307
87344
87364
87523
87621
87646
87689
87830
87987
87994
88124
88140
88155
88205
88381
88418
88449
88519
88684
88775
88856
88912
88934
89026
89051
89068
89091
89346
89371
89426
89435
89749
89795
89881
89922
89938
90101
90255
90404
90521
90705
90724
91249
91314
91507
91562
91709
91784
92019
92054
92077
92099
92150
92546
92869
92923
93000
93111
93209
93231
93517
93607
93644
93653
93716
93760
93909
93917
94028
94063
94280
94668
94670
94680
94689
94697
94733
94778
94894
94954
95204
95278
95318
95402
95464
95596
95656
95812
95853
96043
96101
96166
96272
96299
96351
96428
96480
96528
96731
96806
96823
97130
97178
97201
97283
97490
97533
97647
97686
97751
97828
97836
97888
98022
98042
98080
98413
98537
98564
98854
98961
98964
99051
99194
99351
99450
99464
99522
99645
99662
99689
99694
99959
