10132
10526
10547
10613
10894
11032
11121
11642
11644
11644
11644
11644
11644
11644
11644
11644
11644
11644
11644
11644
11707
11753
11782
11955
12029
12263
12437
12706
12727
12880
13010
13121
13153
13349
13599
13674
13674
13754
13794
14043
14164
14329
14393
14393
14393
14393
14393
14393
14475
14475
14475
14475
14475
14475
14475
14475
14475
14475
14475
14535
14664
14746
15010
15174
15558
15634
15919
16105
16129
16168
16530
16547
16739
16880
16926
16942
17058
17211
17329
17329
17329
17329
17329
17435
17504
17822
17838
17882
18020
18029
18220
18593
19016
19028
19028
19028
19028
19028
19028
19028
19028
19028
19028
19028
19028
19028
19411
19658
19794
19794
19794
19794
19794
19794
19794
19794
19794
19814
19922
20022
20051
20185
20768
20805
20850
21256
21269
21503
21548
21589
21651
21671
21675
22132
22185
22264
22417
22556
22671
22876
22904
22984
23005
23250
23344
23361
23483
23489
23522
23537
23537
23537
23537
23537
23537
23537
23559
23559
23559
23559
23559
23559
23559
23559
23559
23559
23559
23559
23559
23559
23559
23559
23559
23559
23559
23991
24077
24149
24325
24394
24410
24477
24603
24803
24813
24813
24813
24977
25205
25234
25255
25255
25255
25255
25255
25255
25255
25255
25255
25255
25255
25355
25761
25963
26134
26154
26236
26257
26258
26340
26351
26450
26879
27206
27305
27363
27393
27554
27805
27995
28090
28090
28090
28090
28090
28090
28090
28090
28090
28090
28090
28090
28090
28090
28090
28090
28090
28090
28135
28221
28580
28656
29073
29145
29252
29253
29274
29324
29952
30191
30362
30486
30520
30817
31053
31274
31274
31274
31274
31274
31274
31274
31274
31274
31274
31274
31274
31274
31274
31274
31274
31274
31808
31808
31808
31808
31808
31808
31808
31808
31808
31976
32572
32617
32630
32684
32708
32858
33007
33040
33046
33051
33135
33190
33425
33458
34155
34348
34362
34363
34697
34798
34840
34969
35143
35340
35509
35509
35509
35509
35601
35922
35965
36159
36177
36207
36207
36207
36207
36207
36207
36207
36244
36423
36493
36588
36590
36831
36888
37003
37102
37109
37150
37199
37514
37517
37556
37760
38248
38297
38385
38485
38495
38709
38755
38984
39062
39113
39170
39176
39378
39875
39875
39885
39984
40091
40116
40186
40380
40382
40593
40674
40690
40848
40884
40953
41226
41345
41532
41563
41563
41563
41563
41563
41563
41563
41563
41563
41626
41637
41643
41682
41828
42297
42610
42720
43252
43448
43636
44111
44260
44529
44529
44529
44529
44529
44529
44529
44529
44529
44529
44529
44529
44529
44529
44529
44529
44529
44661
44754
45159
45253
45545
45566
45568
45653
45722
46071
46609
46787
47209
47412
47607
47673
47771
47827
48139
48229
48282
48589
48720
48858
49013
49887
49951
50038
50075
50141
50141
50141
50141
50141
50141
50141
50141
50141
50141
50141
50141
50141
50141
50141
50216
50490
50674
50674
50674
50674
50674
50713
50713
50713
50713
50713
50713
50713
50713
50713
50713
50713
50763
50799
50801
50906
50936
50980
50980
50980
50980
50980
50980
50980
50980
50980
50980
50980
50980
50980
50980
50980
50980
50980
50980
50980
50980
51278
51322
51611
51614
51641
51667
51790
51860
52073
52104
52161
52439
52490
52634
52845
52856
53005
53026
53033
53056
53090
53324
53324
53324
53324
53324
53324
53324
53324
53324
53324
53324
53324
53324
53324
53394
53465
53505
53525
54116
54273
54436
54526
54676
54726
54974
54998
55412
55754
56048
56227
56568
56764
57003
57101
57166
57338
57352
57394
57408
57523
57644
57646
57954
58330
58345
58381
58818
58896
59200
59278
59345
59381
59423
59660
59662
59688
59930
60052
60096
60320
60336
60500
60515
60686
60744
60809
61399
61765
61783
61868
61967
61967
61967
61987
62226
62368
62680
62764
63269
63410
63748
63753
63910
64160
64314
64460
64641
64775
64932
65309
65310
65322
65322
65322
65322
65322
65322
65322
65322
65322
65322
65322
65322
65333
65350
65359
65514
65557
65582
65641
65843
65959
66389
66502
66585
66788
66916
66925
66992
67097
67531
67877
67995
68107
68175
68189
68189
68189
68189
68189
68189
68189
68189
68189
68189
68189
68189
68276
68533
68705
68830
68830
68830
68830
68830
68830
68830
68830
68830
68830
68830
68830
68830
68830
68830
68830
68830
68830
69366
69408
69541
69571
69782
69804
69909
69934
69982
70046
70055
70145
70347
70350
70445
70556
71046
71137
71156
71241
71246
71304
71478
71512
71747
71814
72082
72153
72254
72623
72630
72688
72800
72877
73401
73412
73436
73483
73527
73532
73660
73746
73774
74200
74202
74279
74334
74416
74633
74905
75130
75146
75527
75705
76055
76226
76308
76417
76485
76675
76843
77536
77580
77602
77681
77836
77868
77868
77868
77868
77868
77868
77868
77868
77868
77868
77868
77868
77868
77868
77868
77868
78035
78294
78294
78294
78294
78294
78294
78294
78294
78294
78294
78294
78294
78294
78294
78294
78294
78773
78860
79046
79146
79179
79320
79381
79443
79503
79529
79572
79835
79935
80106
80370
80435
80674
80749
80864
80951
81239
81437
81526
81559
81806
82083
82448
82452
82791
83273
83301
83346
83564
83679
84455
84730
84917
85065
85099
85134
85185
85271
85335
85369
85374
85451
85778
85991
86052
86149
86357
86388
86674
86807
86835
86995
86995
86995
86995
86995
86995
86995
86995
86995
86995
87036
87327
87445
87600
87987
87987
87987
87987
87987
87987
87987
87987
87987
87987
87987
87987
87987
87987
87990
88060
88109
88465
88543
88642
88912
88912
88912
88912
88912
89031
89430
89603
89690
89795
89795
89795
89795
89795
89795
89795
89795
89795
89795
89795
89795
89795
89795
89795
89795
90052
90255
90255
90255
90255
90255
90255
90255
90255
90483
90489
90525
90651
91114
91325
91636
91890
91981
92011
92068
92449
92607
92717
92723
92731
92753
92869
92869
92869
92869
92869
92869
92869
92869
92869
92869
92888
93094
93403
93491
93568
93653
93653
93653
93653
93653
93653
93653
93653
93653
93653
93653
93653
93653
93653
93653
93653
93653
93653
93653
93788
94081
94340
94888
94895
94990
95142
95459
95478
95555
95746
95783
95801
95850
96101
96101
96101
96101
96101
96101
96101
96101
96101
96101
96101
96101
96101
96101
96101
96101
96101
96101
96101
96101
96521
96638
97404
97432
97617
97703
97853
97982
98414
98658
98671
98749
98953
99097
99228
99327
99355
99509
99897
